[[0, 7, 14, 12], [0, 7, 14, 10], [0, 7, 15, 11], [1, 7, 14, 11], [-1, 7, 14, 11]]
73: [[0, 8, 14, 11], [0, 8, 14, 11], [0, 7, 14, 10], [1, 7, 14, 11], [0, 8, 14, 11]]
74: [[-1, 7, 14, 11], [0, 7, 13, 11], [0, 7, 14, 12], [1, 7, 14, 11], [0, 7, 14, 10]]
75: [[0, 7, 14, 11], [0, 7, 13, 11], [0, 8, 13, 11], [0, 8, 13, 10], [0, 8, 13, 9], [1, 8, 13, 9]]
76: [[0, 7, 14], [0, 7, 15], [1, 7, 15], [1, 6, 15], [0, 6, 15], [1, 6, 15]]
77: [[0, 2, 4], [1, 2, 4], [1, 2, 5], [1, 2, 4], [0, 2, 4], [0, 2, 3]]
78: [[0, 2, 7, 9], [0, 2, 8, 9], [0, 2, 8, 10], [0, 3, 8, 10], [0, 3, 8, 9], [1, 3, 8, 9]]
79: [[0, 7, 9, 2], [0, 7, 8, 2], [0, 7, 8, 1], [0, 7, 7, 1], [-1, 7, 7, 1], [-1, 7, 7, 0]]
80: [[0, 7, 9, 2], [0, 7, 9, 1], [0, 7, 10, 1], [0, 6, 10, 1], [0, 6, 9, 1], [0, 5, 9, 1]]
81: [[0, 7, 9, 2], [0, 7, 9, 0], [0, 7, 7, 0], [-1, 7, 7, 0], [-3, 7, 7, 0], [-3, 7, 10, 0]]
82: [[0, 7, 9, 2], [0, 7, 12, 2], [0, 7, 12, 0], [2, 7, 12, 0], [2, 7, 15, 0], [2, 7, 15, -1]]
83: [[0, 7, 9, 2, 5], [0, 7, 11, 2, 5], [0, 7, 11, 0, 5], [-2, 7, 11, 0, 5], [-2, 7, 13, 0, 5], [-2, 7, 13, 0, 3]]
